 Number of boundary curves =            1
 IceCreamCone,          24
   0.0000000000000000       -2.0000000000000000        1.0000000000000000        2.6562501004674537E-002  -1.8406249939719528       0.68124998794390557        6.3561428431444759E-017   8.9260774551862639E-010
   2.6562501004674537E-002  -1.8406249939719528       0.68124998794390557        7.3437498995325479E-002  -1.5593750060280471       0.11875001205609426        5.1193881083845966E-017   9.0931318576279231E-010
   7.3437498995325479E-002  -1.5593750060280471       0.11875001205609426       0.13333333281248269       -1.2000000031251039      -0.59999999374979218        6.6852713710293163E-017   9.0931342590367568E-010
  0.13333333281248269       -1.2000000031251039      -0.59999999374979218       0.19322916767134121      -0.84062499397195278       -1.3187500120560944        5.1300881842358789E-017   7.2871247522900012E-010
  0.19322916767134121      -0.84062499397195278       -1.3187500120560944       0.24010416566199214      -0.55937500602804713       -1.8812499879439057        4.1834597064930532E-017   1.1378213778951957E-014
  0.24010416566199214      -0.55937500602804713       -1.8812499879439057       0.33333333333333331        0.0000000000000000       -3.0000000000000000        4.3965119262578033E-017   3.6915852410077838E-015
  0.33333333333333331        0.0000000000000000       -3.0000000000000000       0.42656250100467447       0.55937500602804668       -1.8812499879439066        1.6327933263482645E-016   1.6935679939030818E-009
  0.42656250100467447       0.55937500602804668       -1.8812499879439066       0.47343749899532545       0.84062499397195278       -1.3187500120560944        1.1317362753739870E-016   1.2524639059759124E-014
  0.47343749899532545       0.84062499397195278       -1.3187500120560944       0.53333334695211632        1.2000000817126981      -0.59999983657460376        6.8489938986698901E-017   1.0576735384640575E-014
  0.53333334695211632        1.2000000817126981      -0.59999983657460376       0.59322916767134115        1.5593750060280467       0.11875001205609337        1.2264233818684766E-016   1.9860171295659199E-014
  0.59322916767134115        1.5593750060280467       0.11875001205609337       0.64010416566199213        1.8406249939719528       0.68124998794390557        3.1236800310994479E-016   2.1788986345197363E-014
  0.64010416566199213        1.8406249939719528       0.68124998794390557       0.66666666666666663        2.0000000000000000        1.0000000000000000        1.6317036841159026E-016   2.9075603627570175E-014
  0.66666666666666663        2.0000000000000000        1.0000000000000000       0.69611687452367565        1.9234528539428932        1.5480229180052043        1.2058841235064317E-008   5.1806948380535574E-006
  0.69611687452367565        1.9234528539428932        1.5480229180052043       0.71943636202725558        1.7577069153495042        1.9541836299856179        3.7547586148881545E-009   2.0372852812413453E-006
  0.71943636202725558        1.7577069153495042        1.9541836299856179       0.75000000126590827        1.4142135455002482        2.4142135792459416        1.4516557044938798E-008   6.0096865412620131E-006
  0.75000000126590827        1.4142135455002482        2.4142135792459416       0.78056363797274442       0.95418362998561790        2.7577069153495044        1.4516551461560600E-008   6.0099132991582121E-006
  0.78056363797274442       0.95418362998561790        2.7577069153495044       0.80388312387048166       0.54802294711610733        2.9234528456487245        3.7547571180840673E-009   2.0363673819363304E-006
  0.80388312387048166       0.54802294711610733        2.9234528456487245       0.83333333335747806       -4.5511671064437944E-010   3.0000000000000000        1.2058844491605542E-008   5.1806520962886621E-006
  0.83333333335747806       -4.5511671064437944E-010   3.0000000000000000       0.86278352964038918      -0.54802270862630975        2.9234529135983243        1.2058817589149740E-008   5.1809126317662925E-006
  0.86278352964038918      -0.54802270862630975        2.9234529135983243       0.88610302869392221      -0.95418362998561812        2.7577069153495044        3.7547679422666463E-009   2.0362096604690640E-006
  0.88610302869392221      -0.95418362998561812        2.7577069153495044       0.91666665304788364       -1.4142133808531077        2.4142137438930593        1.4516521892772008E-008   6.0085454441889869E-006
  0.91666665304788364       -1.4142133808531077        2.4142137438930593       0.94723030463941094       -1.7577069153495026        1.9541836299856208        1.4516586345113459E-008   6.0085043764027429E-006
  0.94723030463941094       -1.7577069153495026        1.9541836299856208       0.97054980369294419       -1.9234529135983243        1.5480227086263101        3.7547677016557864E-009   2.0370891127533298E-006
  0.97054980369294419       -1.9234529135983243        1.5480227086263101        1.0000000000000000       -2.0000000000000000        1.0000000000000002        1.2058817703871543E-008   5.1805301772403993E-006
