 Number of boundary curves =            2
 Outer Boundary,          56
   0.0000000000000000        0.0000000000000000        8.0000000000000000       0.56213021246913986       -2.1402333512010490       -7.4098882280803480        8.7199207765454347E-003  0.19914527753701713     
  0.56213021246913986       -2.1402333512010490       -7.4098882280803480       0.54405754050541599       -1.4832859151661837       -7.6900590333064196        3.9452642086822741E-003  0.35079667894821354     
  0.54405754050541599       -1.4832859151661837       -7.6900590333064196       0.52258359213500127      -0.69025378280774441       -7.9053903969114163        7.3010780963284529E-003   9.7748467165399908E-002
  0.52258359213500127      -0.69025378280774441       -7.9053903969114163       0.49999999992756416       0.14883534923080852       -7.9913536308673079        6.4324705386560252E-003  0.13719546626180423     
  0.49999999992756416       0.14883534923080852       -7.9913536308673079       0.47741636741760640       0.98280880390181746       -7.9320848985658809        2.6131990639660678E-003  0.23276664657031257     
  0.47741636741760640       0.98280880390181746       -7.9320848985658809       0.45594245949458401        1.7616064707888668       -7.7416749528505502        3.7428584559496491E-003  0.25765929377943148     
  0.45594245949458401        1.7616064707888668       -7.7416749528505502       0.43786978753086059        2.3997564488911003       -7.4818037712151835        8.4014254131269273E-003  0.23493415990897387     
  0.43786978753086059        2.3997564488911003       -7.4818037712151835       0.42413720855070847        2.8706843774756376       -7.2248846600183478        1.1764561566476466E-002  0.19410989180982843     
  0.42413720855070847        2.8706843774756376       -7.2248846600183478       0.40641648957769672        3.4565526046395698       -6.8197896979419630        1.4340367286486804E-002  0.14122678655543439     
  0.40641648957769672        3.4565526046395698       -6.8197896979419630       0.38997908515490365        3.9741586618186817       -6.3727400368653395        1.6093927627203578E-002   7.8146600494575960E-002
  0.38997908515490365        3.9741586618186817       -6.3727400368653395       0.37500000193507965        4.4209122258748703       -5.9084795918093684        1.6651096022900845E-002   3.8548899583932705E-002
  0.37500000193507965        4.4209122258748703       -5.9084795918093684       0.36002091484509635        4.8409711490260294       -5.3930012956556119        1.6217773080503959E-002   7.0431387933634904E-002
  0.36002091484509635        4.8409711490260294       -5.3930012956556119       0.34358351042230328        5.2678781383407918       -4.7723444170165656        1.4805033517984217E-002  0.12428438363098576     
  0.34358351042230328        5.2678781383407918       -4.7723444170165656       0.32586278998488738        5.6841176383048495       -4.0442745526171828        1.2293959926257278E-002  0.17720643666190855     
  0.32586278998488738        5.6841176383048495       -4.0442745526171828       0.31213021246913941        5.9724704631695431       -3.4422305277945848        9.2353999296615284E-003  0.21585390280867287     
  0.31213021246913941        5.9724704631695431       -3.4422305277945848       0.29405754050541599        6.3025995761840585       -2.6060012395181436        5.6788989581729775E-003  0.24227224963767760     
  0.29405754050541599        6.3025995761840585       -2.6060012395181436       0.27258362953014670        6.6159241757045413       -1.5587559933047748        1.6888321900150065E-003  0.25563510520763683     
  0.27258362953014670        6.6159241757045413       -1.5587559933047748       0.25000000379772480        6.8448447442715343      -0.41138613579824951        5.2283380017721370E-003  0.24449048358218117     
  0.25000000379772480        6.8448447442715343      -0.41138613579824951       0.22741637114289670        6.9618435935980809       0.76280598549759260        1.0180981841328778E-002  0.20570896372121106     
  0.22741637114289670        6.9618435935980809       0.76280598549759260       0.20594245949458401        6.9612562670901292        1.8835493826904701        1.3967006464976941E-002  0.14517798255312211     
  0.20594245949458401        6.9612562670901292        1.8835493826904701       0.18786978753086059        6.8707052412750382        2.8142682366705349        1.6056132880243375E-002   7.8699242325067920E-002
  0.18786978753086059        6.8707052412750382        2.8142682366705349       0.17413721227599899        6.7439856931084723        3.5050345895879862        1.6656234473775806E-002   3.7973568894678823E-002
  0.17413721227599899        6.7439856931084723        3.5050345895879862       0.15641648957769672        6.5031870131202067        4.3643687582281192        1.6174121048651534E-002   7.3970460078118694E-002
  0.15641648957769672        6.5031870131202067        4.3643687582281192       0.13997908515490365        6.1987366958442047        5.1178611998354917        1.4524310425555039E-002  0.13637081850820387     
  0.13997908515490365        6.1987366958442047        5.1178611998354917       0.12500000566036995        5.8505753114000720        5.7577466055228541        1.2021628708915572E-002  0.19001954241335881     
  0.12500000566036995        5.8505753114000720        5.7577466055228541       0.11002091484509635        5.4325220776471150        6.3434329602145123        8.9067214370938830E-003  0.23040207896632031     
  0.11002091484509635        5.4325220776471150        6.3434329602145123        9.3583510422303284E-002   4.8905507834217143        6.9122292761766468        5.1608641124118353E-003  0.25506432148394032     
   9.3583510422303284E-002   4.8905507834217143        6.9122292761766468        7.5862786259597081E-002   4.2053034514212859        7.4238697735131804        1.4446833737097326E-003  0.25407152702321051     
   7.5862786259597081E-002   4.2053034514212859        7.4238697735131804        6.2130212469139412E-002   3.5998817916134151        7.7370940000304138        3.2868298997974030E-003  0.22135457127690356     
   6.2130212469139412E-002   3.5998817916134151        7.7370940000304138        4.4057540505415993E-002   2.7009306354466913        8.0230482771697762        6.1601513528458567E-003  0.14936469148926634     
   4.4057540505415993E-002   2.7009306354466913        8.0230482771697762        2.2583625804856400E-002   1.4768265464826582        8.1507022770965634        7.4756850970622629E-003   6.7949421065048005E-002
   2.2583625804856400E-002   1.4768265464826582        8.1507022770965634        0.0000000000000000        0.0000000000000000        8.0000000000000000        4.5838571939307996E-003  0.32273484867440011     
   0.0000000000000000        0.0000000000000000        8.0000000000000000       0.97741640786499895        2.2749549419170831        3.3015487439099265        7.7541846517746094E-002  0.77340618159304075     
  0.97741640786499895        2.2749549419170831        3.3015487439099265       0.95594245949458401       0.47472705404431514        4.2433170324639624        3.4868919339476299E-002   2.6643660463657426     
  0.95594245949458401       0.47472705404431514        4.2433170324639624       0.93786978753086059      -0.91243881651610437        4.7329537994462658        7.1287720729628593E-002   1.4616986121346260     
  0.93786978753086059      -0.91243881651610437        4.7329537994462658       0.92413724820417942       -1.8859984529350633        4.9389356788837278        8.7274894235420536E-002  0.66598122957114614     
  0.92413724820417942       -1.8859984529350633        4.9389356788837278       0.90641648957769694       -3.0373783012101474        5.0145608248502151        9.1294440888748205E-002  0.27585996638975002     
  0.90641648957769694       -3.0373783012101474        5.0145608248502151       0.88997908515490343       -3.9979880299896520        4.9135259122090194        8.5303656459291846E-002  0.68065572294073073     
  0.88997908515490343       -3.9979880299896520        4.9135259122090194       0.87500004085634897       -4.7822938147078196        4.6948662246655637        7.1882209350965495E-002   1.0833199480167048     
  0.87500004085634897       -4.7822938147078196        4.6948662246655637       0.86002091484509657       -5.4791403200148512        4.3700979903357791        5.3633155711542334E-002   1.3848407268546172     
  0.86002091484509657       -5.4791403200148512        4.3700979903357791       0.84358351042230328       -6.1428672888370075        3.9077413379741097        3.0653286861077138E-002   1.6125246613784618     
  0.84358351042230328       -6.1428672888370075        3.9077413379741097       0.82586275179582080       -6.7401919740184004        3.3042479722345357        9.0657259106631995E-003   1.7655041478111790     
  0.82586275179582080       -6.7401919740184004        3.3042479722345357       0.81213021246913986       -7.1252577471574341        2.9615975327648281        2.8567104777863318E-002   1.8299168554858527     
  0.81213021246913986       -7.1252577471574341        2.9615975327648281       0.79405754050541599       -7.1963788847174728        2.0459499915841222        5.7528146609895851E-002   1.8244080457907708     
  0.79405754050541599       -7.1963788847174728        2.0459499915841222       0.77258359213500127       -7.1627127930998267       0.93764500546731744        9.2546901959578140E-002   1.7367322673499108     
  0.77258359213500127       -7.1627127930998267       0.93764500546731744       0.75000004085634897       -6.9997506753075651      -0.22941262924558520       0.12832097717963692        1.5530531887102401     
  0.75000004085634897       -6.9997506753075651      -0.22941262924558520       0.72741640786499895       -6.7178720807283785       -1.3752574571139551       0.15964966421046425        1.2937194600189930     
  0.72741640786499895       -6.7178720807283785       -1.3752574571139551       0.70594245949458401       -6.3504184549565244       -2.4257906449739850       0.18352606749102909       0.99773432015332786     
  0.70594245949458401       -6.3504184549565244       -2.4257906449739850       0.68786978753086059       -5.9736267674058006       -3.2680383981006216       0.19852826524821895       0.72441993174114083     
  0.68786978753086059       -5.9736267674058006       -3.2680383981006216       0.67413724820417942       -5.6499750230236234       -3.8764712973177686       0.20583641818344761       0.53408998946989272     
  0.67413724820417942       -5.6499750230236234       -3.8764712973177686       0.65641648957769694       -5.1892838919634459       -4.6149062160843828       0.20854312485841930       0.44231130211682773     
  0.65641648957769694       -5.1892838919634459       -4.6149062160843828       0.63997908515490343       -4.7230515396543424       -5.2471115273736357       0.20671798265002322       0.50626365332861056     
  0.63997908515490343       -4.7230515396543424       -5.2471115273736357       0.62499995914365103       -4.2693729126183779       -5.7745678298590182       0.20063078339804336       0.67145339313483920     
  0.62499995914365103       -4.2693729126183779       -5.7745678298590182       0.61002091484509657       -3.7916153940105786       -6.2520365297354639       0.19101826799719837       0.86179589962134706     
  0.61002091484509657       -3.7916153940105786       -6.2520365297354639       0.59358351042230328       -3.2434985928642535       -6.7148250188998793       0.17719539099750353        1.0644962824665558     
  0.59358351042230328       -3.2434985928642535       -6.7148250188998793       0.57586275179582080       -2.6293957766107061       -7.1381277795466334       0.15822158811946013        1.2713840769782410     
 IceCreamCone,          24
   0.0000000000000000       -2.0000000000000000        1.0000000000000000        2.6562501004674537E-002  -1.8406249939719528       0.68124998794390557        6.3561428431444759E-017   8.9260774551862639E-010
   2.6562501004674537E-002  -1.8406249939719528       0.68124998794390557        7.3437498995325479E-002  -1.5593750060280471       0.11875001205609426        5.1193881083845966E-017   9.0931318576279231E-010
   7.3437498995325479E-002  -1.5593750060280471       0.11875001205609426       0.13333333281248269       -1.2000000031251039      -0.59999999374979218        6.6852713710293163E-017   9.0931342590367568E-010
  0.13333333281248269       -1.2000000031251039      -0.59999999374979218       0.19322916767134121      -0.84062499397195278       -1.3187500120560944        5.1300881842358789E-017   7.2871247522900012E-010
  0.19322916767134121      -0.84062499397195278       -1.3187500120560944       0.24010416566199214      -0.55937500602804713       -1.8812499879439057        4.1834597064930532E-017   1.1378213778951957E-014
  0.24010416566199214      -0.55937500602804713       -1.8812499879439057       0.33333333333333331        0.0000000000000000       -3.0000000000000000        4.3965119262578033E-017   3.6915852410077838E-015
  0.33333333333333331        0.0000000000000000       -3.0000000000000000       0.42656250100467447       0.55937500602804668       -1.8812499879439066        1.6327933263482645E-016   1.6935679939030818E-009
  0.42656250100467447       0.55937500602804668       -1.8812499879439066       0.47343749899532545       0.84062499397195278       -1.3187500120560944        1.1317362753739870E-016   1.2524639059759124E-014
  0.47343749899532545       0.84062499397195278       -1.3187500120560944       0.53333334695211632        1.2000000817126981      -0.59999983657460376        6.8489938986698901E-017   1.0576735384640575E-014
  0.53333334695211632        1.2000000817126981      -0.59999983657460376       0.59322916767134115        1.5593750060280467       0.11875001205609337        1.2264233818684766E-016   1.9860171295659199E-014
  0.59322916767134115        1.5593750060280467       0.11875001205609337       0.64010416566199213        1.8406249939719528       0.68124998794390557        3.1236800310994479E-016   2.1788986345197363E-014
  0.64010416566199213        1.8406249939719528       0.68124998794390557       0.66666666666666663        2.0000000000000000        1.0000000000000000        1.6317036841159026E-016   2.9075603627570175E-014
  0.66666666666666663        2.0000000000000000        1.0000000000000000       0.69611687452367565        1.9234528539428932        1.5480229180052043        1.2058841235064317E-008   5.1806948380535574E-006
  0.69611687452367565        1.9234528539428932        1.5480229180052043       0.71943636202725558        1.7577069153495042        1.9541836299856179        3.7547586148881545E-009   2.0372852812413453E-006
  0.71943636202725558        1.7577069153495042        1.9541836299856179       0.75000000126590827        1.4142135455002482        2.4142135792459416        1.4516557044938798E-008   6.0096865412620131E-006
  0.75000000126590827        1.4142135455002482        2.4142135792459416       0.78056363797274442       0.95418362998561790        2.7577069153495044        1.4516551461560600E-008   6.0099132991582121E-006
  0.78056363797274442       0.95418362998561790        2.7577069153495044       0.80388312387048166       0.54802294711610733        2.9234528456487245        3.7547571180840673E-009   2.0363673819363304E-006
  0.80388312387048166       0.54802294711610733        2.9234528456487245       0.83333333335747806       -4.5511671064437944E-010   3.0000000000000000        1.2058844491605542E-008   5.1806520962886621E-006
  0.83333333335747806       -4.5511671064437944E-010   3.0000000000000000       0.86278352964038918      -0.54802270862630975        2.9234529135983243        1.2058817589149740E-008   5.1809126317662925E-006
  0.86278352964038918      -0.54802270862630975        2.9234529135983243       0.88610302869392221      -0.95418362998561812        2.7577069153495044        3.7547679422666463E-009   2.0362096604690640E-006
  0.88610302869392221      -0.95418362998561812        2.7577069153495044       0.91666665304788364       -1.4142133808531077        2.4142137438930593        1.4516521892772008E-008   6.0085454441889869E-006
  0.91666665304788364       -1.4142133808531077        2.4142137438930593       0.94723030463941094       -1.7577069153495026        1.9541836299856208        1.4516586345113459E-008   6.0085043764027429E-006
  0.94723030463941094       -1.7577069153495026        1.9541836299856208       0.97054980369294419       -1.9234529135983243        1.5480227086263101        3.7547677016557864E-009   2.0370891127533298E-006
  0.97054980369294419       -1.9234529135983243        1.5480227086263101        1.0000000000000000       -2.0000000000000000        1.0000000000000002        1.2058817703871543E-008   5.1805301772403993E-006
