  
 ------------------------
 2D Mesh Quality Measures
 ------------------------
  
Signed Area     Aspect Ratio    Condition       Edge Ratio      Jacobian        Minimum Angle   Maximum Angle   Area Sign       
      1.0000E+00      1.0000E+00      1.0000E+00      1.0000E+00      1.0000E+00      8.9996E+01      9.0002E+01      1.0000E+00
      1.0001E+00      1.0000E+00      1.0000E+00      1.0001E+00      1.0000E+00      8.9987E+01      9.0008E+01      1.0000E+00
      1.0003E+00      1.0001E+00      1.0000E+00      1.0003E+00      1.0001E+00      8.9964E+01      9.0024E+01      1.0000E+00
      1.0008E+00      1.0004E+00      1.0000E+00      1.0008E+00      1.0003E+00      8.9922E+01      9.0051E+01      1.0000E+00
      1.0014E+00      1.0008E+00      1.0000E+00      1.0015E+00      1.0008E+00      8.9873E+01      9.0096E+01      1.0000E+00
      1.0021E+00      1.0015E+00      1.0000E+00      1.0025E+00      1.0015E+00      8.9850E+01      9.0138E+01      1.0000E+00
      1.0027E+00      1.0020E+00      1.0000E+00      1.0039E+00      1.0020E+00      8.9886E+01      9.0144E+01      1.0000E+00
      1.0030E+00      1.0022E+00      1.0000E+00      1.0049E+00      1.0022E+00      8.9935E+01      9.0085E+01      1.0000E+00
      1.0030E+00      1.0022E+00      1.0000E+00      1.0049E+00      1.0022E+00      8.9935E+01      9.0085E+01      1.0000E+00
      1.0027E+00      1.0020E+00      1.0000E+00      1.0039E+00      1.0020E+00      8.9886E+01      9.0144E+01      1.0000E+00
      1.0021E+00      1.0014E+00      1.0000E+00      1.0025E+00      1.0015E+00      8.9850E+01      9.0138E+01      1.0000E+00
      1.0014E+00      1.0008E+00      1.0000E+00      1.0015E+00      1.0008E+00      8.9873E+01      9.0096E+01      1.0000E+00
      1.0008E+00      1.0004E+00      1.0000E+00      1.0008E+00      1.0003E+00      8.9922E+01      9.0051E+01      1.0000E+00
      1.0003E+00      1.0001E+00      1.0000E+00      1.0003E+00      1.0001E+00      8.9964E+01      9.0024E+01      1.0000E+00
      1.0001E+00      1.0000E+00      1.0000E+00      1.0001E+00      1.0000E+00      8.9987E+01      9.0008E+01      1.0000E+00
      1.0000E+00      1.0000E+00      1.0000E+00      1.0000E+00      1.0000E+00      8.9996E+01      9.0002E+01      1.0000E+00
      1.0001E+00      1.0001E+00      1.0000E+00      1.0001E+00      1.0000E+00      8.9992E+01      9.0006E+01      1.0000E+00
      1.0003E+00      1.0002E+00      1.0000E+00      1.0003E+00      1.0001E+00      8.9973E+01      9.0021E+01      1.0000E+00
      1.0008E+00      1.0004E+00      1.0000E+00      1.0007E+00      1.0004E+00      8.9929E+01      9.0059E+01      1.0000E+00
      1.0014E+00      1.0007E+00      1.0000E+00      1.0011E+00      1.0008E+00      8.9856E+01      9.0126E+01      1.0000E+00
      1.0018E+00      1.0006E+00      1.0000E+00      1.0009E+00      1.0012E+00      8.9782E+01      9.0196E+01      1.0000E+00
      1.0015E+00      1.0007E+00      1.0000E+00      1.0012E+00      1.0012E+00      8.9756E+01      9.0232E+01      1.0000E+00
      1.0007E+00      1.0016E+00      1.0000E+00      1.0034E+00      9.9995E-01      8.9788E+01      9.0238E+01      1.0000E+00
      9.9992E-01      1.0022E+00      1.0000E+00      1.0052E+00      9.9888E-01      8.9873E+01      9.0139E+01      1.0000E+00
      9.9992E-01      1.0022E+00      1.0000E+00      1.0052E+00      9.9887E-01      8.9873E+01      9.0139E+01      1.0000E+00
      1.0007E+00      1.0016E+00      1.0000E+00      1.0034E+00      9.9994E-01      8.9788E+01      9.0238E+01      1.0000E+00
      1.0015E+00      1.0007E+00      1.0000E+00      1.0012E+00      1.0012E+00      8.9756E+01      9.0232E+01      1.0000E+00
      1.0018E+00      1.0006E+00      1.0000E+00      1.0009E+00      1.0012E+00      8.9783E+01      9.0196E+01      1.0000E+00
      1.0014E+00      1.0007E+00      1.0000E+00      1.0011E+00      1.0008E+00      8.9856E+01      9.0126E+01      1.0000E+00
      1.0008E+00      1.0004E+00      1.0000E+00      1.0007E+00      1.0004E+00      8.9929E+01      9.0059E+01      1.0000E+00
      1.0003E+00      1.0002E+00      1.0000E+00      1.0003E+00      1.0001E+00      8.9973E+01      9.0021E+01      1.0000E+00
      1.0001E+00      1.0001E+00      1.0000E+00      1.0001E+00      1.0000E+00      8.9992E+01      9.0006E+01      1.0000E+00
      1.0002E+00      1.0002E+00      1.0000E+00      1.0003E+00      1.0001E+00      8.9983E+01      9.0014E+01      1.0000E+00
      1.0007E+00      1.0005E+00      1.0000E+00      1.0007E+00      1.0004E+00      8.9946E+01      9.0048E+01      1.0000E+00
      1.0017E+00      1.0012E+00      1.0000E+00      1.0019E+00      1.0010E+00      8.9860E+01      9.0134E+01      1.0000E+00
      1.0026E+00      1.0024E+00      1.0000E+00      1.0038E+00      1.0013E+00      8.9737E+01      9.0286E+01      1.0000E+00
      1.0016E+00      1.0029E+00      1.0000E+00      1.0055E+00      9.9963E-01      8.9663E+01      9.0434E+01      1.0000E+00
      9.9735E-01      1.0018E+00      1.0000E+00      1.0047E+00      9.9611E-01      8.9551E+01      9.0450E+01      1.0000E+00
      9.9226E-01      1.0024E+00      1.0000E+00      1.0041E+00      9.9031E-01      8.9556E+01      9.0371E+01      1.0000E+00
      9.8951E-01      1.0023E+00      1.0000E+00      1.0038E+00      9.8758E-01      8.9751E+01      9.0244E+01      1.0000E+00
      9.8950E-01      1.0023E+00      1.0000E+00      1.0038E+00      9.8758E-01      8.9750E+01      9.0245E+01      1.0000E+00
      9.9224E-01      1.0024E+00      1.0000E+00      1.0041E+00      9.9030E-01      8.9555E+01      9.0372E+01      1.0000E+00
      9.9734E-01      1.0018E+00      1.0000E+00      1.0047E+00      9.9609E-01      8.9551E+01      9.0450E+01      1.0000E+00
      1.0016E+00      1.0029E+00      1.0000E+00      1.0055E+00      9.9962E-01      8.9663E+01      9.0434E+01      1.0000E+00
      1.0026E+00      1.0024E+00      1.0000E+00      1.0038E+00      1.0012E+00      8.9737E+01      9.0286E+01      1.0000E+00
      1.0017E+00      1.0012E+00      1.0000E+00      1.0019E+00      1.0010E+00      8.9860E+01      9.0134E+01      1.0000E+00
      1.0007E+00      1.0005E+00      1.0000E+00      1.0007E+00      1.0004E+00      8.9946E+01      9.0048E+01      1.0000E+00
      1.0002E+00      1.0002E+00      1.0000E+00      1.0003E+00      1.0001E+00      8.9983E+01      9.0014E+01      1.0000E+00
      1.0005E+00      1.0004E+00      1.0000E+00      1.0006E+00      1.0003E+00      8.9967E+01      9.0028E+01      1.0000E+00
      1.0014E+00      1.0011E+00      1.0000E+00      1.0017E+00      1.0009E+00      8.9901E+01      9.0093E+01      1.0000E+00
      1.0035E+00      1.0030E+00      1.0000E+00      1.0047E+00      1.0021E+00      8.9750E+01      9.0260E+01      1.0000E+00
      1.0058E+00      1.0067E+00      1.0001E+00      1.0112E+00      1.0020E+00      8.9499E+01      9.0594E+01      1.0000E+00
      1.0024E+00      1.0100E+00      1.0002E+00      1.0196E+00      9.9526E-01      8.9407E+01      9.0976E+01      1.0000E+00
      9.8550E-01      1.0078E+00      1.0004E+00      1.0222E+00      9.7896E-01      8.9053E+01      9.0948E+01      1.0000E+00
      9.6802E-01      1.0122E+00      1.0003E+00      1.0218E+00      9.6156E-01      8.8990E+01      9.0781E+01      1.0000E+00
      9.6594E-01      1.0106E+00      1.0002E+00      1.0191E+00      9.6016E-01      8.9505E+01      9.0714E+01      1.0000E+00
      9.6591E-01      1.0106E+00      1.0002E+00      1.0191E+00      9.6011E-01      8.9503E+01      9.0719E+01      1.0000E+00
      9.6797E-01      1.0123E+00      1.0003E+00      1.0218E+00      9.6151E-01      8.8989E+01      9.0783E+01      1.0000E+00
      9.8547E-01      1.0078E+00      1.0004E+00      1.0223E+00      9.7891E-01      8.9053E+01      9.0949E+01      1.0000E+00
      1.0024E+00      1.0100E+00      1.0002E+00      1.0196E+00      9.9523E-01      8.9408E+01      9.0976E+01      1.0000E+00
      1.0058E+00      1.0067E+00      1.0001E+00      1.0113E+00      1.0020E+00      8.9499E+01      9.0594E+01      1.0000E+00
      1.0035E+00      1.0030E+00      1.0000E+00      1.0047E+00      1.0021E+00      8.9750E+01      9.0260E+01      1.0000E+00
      1.0014E+00      1.0011E+00      1.0000E+00      1.0017E+00      1.0009E+00      8.9901E+01      9.0093E+01      1.0000E+00
      1.0005E+00      1.0004E+00      1.0000E+00      1.0006E+00      1.0003E+00      8.9967E+01      9.0028E+01      1.0000E+00
      1.0010E+00      1.0008E+00      1.0000E+00      1.0013E+00      1.0006E+00      8.9945E+01      9.0050E+01      1.0000E+00
      1.0028E+00      1.0022E+00      1.0000E+00      1.0035E+00      1.0019E+00      8.9838E+01      9.0162E+01      1.0000E+00
      1.0068E+00      1.0059E+00      1.0001E+00      1.0099E+00      1.0041E+00      8.9616E+01      9.0423E+01      1.0000E+00
      1.0129E+00      1.0137E+00      1.0004E+00      1.0235E+00      1.0063E+00      8.9214E+01      9.0941E+01      1.0000E+00
      1.0174E+00      1.0295E+00      1.0016E+00      1.0490E+00      1.0000E+00      8.8262E+01      9.2167E+01      1.0000E+00
      9.7622E-01      1.0268E+00      1.0024E+00      1.0680E+00      9.4881E-01      8.8228E+01      9.2634E+01      1.0000E+00
      8.8881E-01      1.0470E+00      1.0041E+00      1.0942E+00      8.4230E-01      8.6785E+01      9.2793E+01      1.0000E+00
      8.8869E-01      1.0471E+00      1.0041E+00      1.0944E+00      8.4216E-01      8.6781E+01      9.2791E+01      1.0000E+00
      9.7617E-01      1.0269E+00      1.0024E+00      1.0682E+00      9.4871E-01      8.8228E+01      9.2636E+01      1.0000E+00
      1.0174E+00      1.0296E+00      1.0016E+00      1.0491E+00      9.9997E-01      8.8264E+01      9.2167E+01      1.0000E+00
      1.0129E+00      1.0138E+00      1.0004E+00      1.0235E+00      1.0063E+00      8.9215E+01      9.0940E+01      1.0000E+00
      1.0068E+00      1.0059E+00      1.0001E+00      1.0099E+00      1.0041E+00      8.9617E+01      9.0423E+01      1.0000E+00
      1.0028E+00      1.0022E+00      1.0000E+00      1.0035E+00      1.0019E+00      8.9838E+01      9.0162E+01      1.0000E+00
      1.0010E+00      1.0008E+00      1.0000E+00      1.0013E+00      1.0006E+00      8.9945E+01      9.0050E+01      1.0000E+00
      1.0019E+00      1.0014E+00      1.0000E+00      1.0024E+00      1.0013E+00      8.9921E+01      9.0077E+01      1.0000E+00
      1.0050E+00      1.0039E+00      1.0000E+00      1.0066E+00      1.0034E+00      8.9768E+01      9.0243E+01      1.0000E+00
      1.0121E+00      1.0105E+00      1.0002E+00      1.0181E+00      1.0078E+00      8.9457E+01      9.0619E+01      1.0000E+00
      1.0225E+00      1.0216E+00      1.0009E+00      1.0394E+00      1.0136E+00      8.9131E+01      9.1146E+01      1.0000E+00
      1.0402E+00      1.0401E+00      1.0028E+00      1.0715E+00      1.0268E+00      8.8441E+01      9.1810E+01      1.0000E+00
      1.1241E+00      1.1565E+00      1.0364E+00      1.2310E+00      1.0035E+00      7.7395E+01      1.0076E+02      1.0000E+00
      7.0234E-01      1.2798E+00      1.2130E+00      1.6805E+00      4.4269E-01      7.1464E+01      1.2091E+02      1.0000E+00
      7.0224E-01      1.2797E+00      1.2132E+00      1.6809E+00      4.4261E-01      7.1465E+01      1.2091E+02      1.0000E+00
      1.1241E+00      1.1566E+00      1.0365E+00      1.2312E+00      1.0035E+00      7.7400E+01      1.0076E+02      1.0000E+00
      1.0403E+00      1.0401E+00      1.0028E+00      1.0716E+00      1.0268E+00      8.8445E+01      9.1807E+01      1.0000E+00
      1.0225E+00      1.0216E+00      1.0009E+00      1.0394E+00      1.0136E+00      8.9132E+01      9.1145E+01      1.0000E+00
      1.0121E+00      1.0105E+00      1.0002E+00      1.0181E+00      1.0078E+00      8.9458E+01      9.0619E+01      1.0000E+00
      1.0050E+00      1.0039E+00      1.0000E+00      1.0066E+00      1.0034E+00      8.9768E+01      9.0243E+01      1.0000E+00
      1.0019E+00      1.0014E+00      1.0000E+00      1.0024E+00      1.0013E+00      8.9921E+01      9.0077E+01      1.0000E+00
      1.0029E+00      1.0021E+00      1.0000E+00      1.0037E+00      1.0023E+00      8.9915E+01      9.0091E+01      1.0000E+00
      1.0079E+00      1.0060E+00      1.0001E+00      1.0104E+00      1.0059E+00      8.9742E+01      9.0281E+01      1.0000E+00
      1.0202E+00      1.0162E+00      1.0005E+00      1.0282E+00      1.0146E+00      8.9354E+01      9.0730E+01      1.0000E+00
      1.0406E+00      1.0369E+00      1.0023E+00      1.0640E+00      1.0260E+00      8.8529E+01      9.1731E+01      1.0000E+00
      1.0353E+00      1.0429E+00      1.0046E+00      1.0992E+00      1.0171E+00      8.8860E+01      9.0806E+01      1.0000E+00
      1.0586E+00      1.1943E+00      1.0499E+00      1.2708E+00      9.2435E-01      7.5737E+01      1.0338E+02      1.0000E+00
      1.0589E+00      1.1943E+00      1.0499E+00      1.2708E+00      9.2449E-01      7.5721E+01      1.0340E+02      1.0000E+00
      1.0354E+00      1.0429E+00      1.0046E+00      1.0991E+00      1.0172E+00      8.8866E+01      9.0799E+01      1.0000E+00
      1.0407E+00      1.0368E+00      1.0023E+00      1.0639E+00      1.0260E+00      8.8530E+01      9.1729E+01      1.0000E+00
      1.0202E+00      1.0162E+00      1.0005E+00      1.0282E+00      1.0146E+00      8.9354E+01      9.0729E+01      1.0000E+00
      1.0079E+00      1.0060E+00      1.0001E+00      1.0104E+00      1.0059E+00      8.9742E+01      9.0281E+01      1.0000E+00
      1.0029E+00      1.0021E+00      1.0000E+00      1.0037E+00      1.0023E+00      8.9915E+01      9.0091E+01      1.0000E+00
      1.0040E+00      1.0026E+00      1.0000E+00      1.0049E+00      1.0033E+00      8.9945E+01      9.0071E+01      1.0000E+00
      1.0107E+00      1.0073E+00      1.0001E+00      1.0135E+00      1.0090E+00      8.9833E+01      9.0201E+01      1.0000E+00
      1.0287E+00      1.0194E+00      1.0006E+00      1.0356E+00      1.0244E+00      8.9582E+01      9.0468E+01      1.0000E+00
      1.0662E+00      1.0444E+00      1.0030E+00      1.0796E+00      1.0554E+00      8.8892E+01      9.1055E+01      1.0000E+00
      1.1597E+00      1.1557E+00      1.0326E+00      1.2383E+00      1.0538E+00      7.9445E+01      9.9290E+01      1.0000E+00
      6.8402E-01      1.2969E+00      1.3043E+00      1.7376E+00      3.9116E-01      7.0253E+01      1.2658E+02      1.0000E+00
      6.8423E-01      1.2969E+00      1.3043E+00      1.7370E+00      3.9130E-01      7.0244E+01      1.2659E+02      1.0000E+00
      1.1598E+00      1.1556E+00      1.0326E+00      1.2382E+00      1.0538E+00      7.9447E+01      9.9281E+01      1.0000E+00
      1.0662E+00      1.0443E+00      1.0030E+00      1.0796E+00      1.0555E+00      8.8892E+01      9.1054E+01      1.0000E+00
      1.0287E+00      1.0194E+00      1.0006E+00      1.0356E+00      1.0244E+00      8.9582E+01      9.0468E+01      1.0000E+00
      1.0107E+00      1.0073E+00      1.0001E+00      1.0135E+00      1.0090E+00      8.9833E+01      9.0201E+01      1.0000E+00
      1.0040E+00      1.0026E+00      1.0000E+00      1.0049E+00      1.0033E+00      8.9945E+01      9.0071E+01      1.0000E+00
      1.0045E+00      1.0026E+00      1.0000E+00      1.0053E+00      1.0042E+00      8.9975E+01      9.0013E+01      1.0000E+00
      1.0122E+00      1.0071E+00      1.0001E+00      1.0143E+00      1.0116E+00      8.9931E+01      9.0039E+01      1.0000E+00
      1.0328E+00      1.0180E+00      1.0006E+00      1.0359E+00      1.0323E+00      8.9794E+01      9.0185E+01      1.0000E+00
      1.0755E+00      1.0399E+00      1.0030E+00      1.0793E+00      1.0718E+00      8.9124E+01      9.0718E+01      1.0000E+00
      1.1523E+00      1.1611E+00      1.0387E+00      1.2357E+00      1.0463E+00      7.7767E+01      1.0138E+02      1.0000E+00
      1.1522E+00      1.1611E+00      1.0387E+00      1.2356E+00      1.0462E+00      7.7773E+01      1.0137E+02      1.0000E+00
      1.0755E+00      1.0399E+00      1.0030E+00      1.0793E+00      1.0718E+00      8.9126E+01      9.0717E+01      1.0000E+00
      1.0328E+00      1.0180E+00      1.0006E+00      1.0359E+00      1.0323E+00      8.9795E+01      9.0184E+01      1.0000E+00
      1.0122E+00      1.0071E+00      1.0001E+00      1.0142E+00      1.0116E+00      8.9931E+01      9.0039E+01      1.0000E+00
      1.0045E+00      1.0026E+00      1.0000E+00      1.0053E+00      1.0042E+00      8.9975E+01      9.0013E+01      1.0000E+00
      1.0044E+00      1.0027E+00      1.0000E+00      1.0052E+00      1.0039E+00      8.9939E+01      9.0079E+01      1.0000E+00
      1.0116E+00      1.0074E+00      1.0001E+00      1.0139E+00      1.0104E+00      8.9766E+01      9.0260E+01      1.0000E+00
      1.0305E+00      1.0192E+00      1.0007E+00      1.0352E+00      1.0273E+00      8.9236E+01      9.0765E+01      1.0000E+00
      1.0660E+00      1.0403E+00      1.0030E+00      1.0741E+00      1.0575E+00      8.8079E+01      9.1817E+01      1.0000E+00
      1.1018E+00      1.1156E+00      1.0164E+00      1.1748E+00      1.0345E+00      8.5341E+01      9.5187E+01      1.0000E+00
      1.1017E+00      1.1157E+00      1.0164E+00      1.1750E+00      1.0344E+00      8.5339E+01      9.5193E+01      1.0000E+00
      1.0659E+00      1.0403E+00      1.0030E+00      1.0741E+00      1.0574E+00      8.8081E+01      9.1816E+01      1.0000E+00
      1.0304E+00      1.0192E+00      1.0007E+00      1.0352E+00      1.0273E+00      8.9237E+01      9.0765E+01      1.0000E+00
      1.0116E+00      1.0074E+00      1.0001E+00      1.0139E+00      1.0104E+00      8.9766E+01      9.0260E+01      1.0000E+00
      1.0044E+00      1.0027E+00      1.0000E+00      1.0052E+00      1.0039E+00      8.9939E+01      9.0079E+01      1.0000E+00
      1.0036E+00      1.0024E+00      1.0000E+00      1.0043E+00      1.0030E+00      8.9887E+01      9.0117E+01      1.0000E+00
      1.0093E+00      1.0065E+00      1.0001E+00      1.0112E+00      1.0076E+00      8.9620E+01      9.0380E+01      1.0000E+00
      1.0231E+00      1.0165E+00      1.0006E+00      1.0282E+00      1.0179E+00      8.8898E+01      9.1079E+01      1.0000E+00
      1.0469E+00      1.0350E+00      1.0026E+00      1.0579E+00      1.0331E+00      8.7243E+01      9.2650E+01      1.0000E+00
      1.1045E+00      1.1181E+00      1.0286E+00      1.1643E+00      1.0104E+00      7.7895E+01      1.0071E+02      1.0000E+00
      6.6934E-01      1.3359E+00      1.4388E+00      1.5946E+00      3.1917E-01      7.2085E+01      1.3588E+02      1.0000E+00
      6.6932E-01      1.3359E+00      1.4387E+00      1.5946E+00      3.1918E-01      7.2087E+01      1.3588E+02      1.0000E+00
      1.1045E+00      1.1181E+00      1.0286E+00      1.1643E+00      1.0104E+00      7.7894E+01      1.0071E+02      1.0000E+00
      1.0468E+00      1.0350E+00      1.0026E+00      1.0579E+00      1.0331E+00      8.7244E+01      9.2650E+01      1.0000E+00
      1.0231E+00      1.0165E+00      1.0006E+00      1.0282E+00      1.0179E+00      8.8899E+01      9.1079E+01      1.0000E+00
      1.0093E+00      1.0065E+00      1.0001E+00      1.0112E+00      1.0076E+00      8.9620E+01      9.0380E+01      1.0000E+00
      1.0036E+00      1.0024E+00      1.0000E+00      1.0043E+00      1.0030E+00      8.9887E+01      9.0117E+01      1.0000E+00
      1.0025E+00      1.0018E+00      1.0000E+00      1.0031E+00      1.0018E+00      8.9879E+01      9.0112E+01      1.0000E+00
      1.0063E+00      1.0045E+00      1.0000E+00      1.0075E+00      1.0044E+00      8.9619E+01      9.0359E+01      1.0000E+00
      1.0142E+00      1.0109E+00      1.0003E+00      1.0174E+00      1.0093E+00      8.8970E+01      9.0992E+01      1.0000E+00
      1.0227E+00      1.0216E+00      1.0014E+00      1.0314E+00      1.0115E+00      8.7590E+01      9.2427E+01      1.0000E+00
      9.9527E-01      1.0106E+00      1.0020E+00      1.0291E+00      9.8160E-01      8.6954E+01      9.3306E+01      1.0000E+00
      9.7811E-01      1.0201E+00      1.0082E+00      1.0290E+00      9.5429E-01      8.2681E+01      9.5946E+01      1.0000E+00
      6.7021E-01      1.3276E+00      1.4282E+00      1.5889E+00      3.2301E-01      7.2371E+01      1.3544E+02      1.0000E+00
      6.7020E-01      1.3275E+00      1.4282E+00      1.5889E+00      3.2301E-01      7.2372E+01      1.3544E+02      1.0000E+00
      9.7809E-01      1.0201E+00      1.0082E+00      1.0291E+00      9.5427E-01      8.2680E+01      9.5948E+01      1.0000E+00
      9.9525E-01      1.0106E+00      1.0020E+00      1.0291E+00      9.8159E-01      8.6954E+01      9.3306E+01      1.0000E+00
      1.0227E+00      1.0216E+00      1.0014E+00      1.0314E+00      1.0115E+00      8.7590E+01      9.2426E+01      1.0000E+00
      1.0142E+00      1.0109E+00      1.0003E+00      1.0174E+00      1.0093E+00      8.8971E+01      9.0992E+01      1.0000E+00
      1.0063E+00      1.0045E+00      1.0000E+00      1.0075E+00      1.0044E+00      8.9619E+01      9.0359E+01      1.0000E+00
      1.0025E+00      1.0018E+00      1.0000E+00      1.0031E+00      1.0018E+00      8.9879E+01      9.0112E+01      1.0000E+00
      1.0014E+00      1.0011E+00      1.0000E+00      1.0018E+00      1.0008E+00      8.9907E+01      9.0078E+01      1.0000E+00
      1.0035E+00      1.0024E+00      1.0000E+00      1.0039E+00      1.0021E+00      8.9724E+01      9.0246E+01      1.0000E+00
      1.0073E+00      1.0051E+00      1.0001E+00      1.0079E+00      1.0042E+00      8.9318E+01      9.0634E+01      1.0000E+00
      1.0090E+00      1.0062E+00      1.0003E+00      1.0089E+00      1.0057E+00      8.8776E+01      9.1217E+01      1.0000E+00
      1.0056E+00      1.0020E+00      1.0006E+00      1.0029E+00      1.0031E+00      8.8014E+01      9.1843E+01      1.0000E+00
      9.9423E-01      1.0115E+00      1.0020E+00      1.0311E+00      9.8053E-01      8.7037E+01      9.3223E+01      1.0000E+00
      1.1005E+00      1.1208E+00      1.0283E+00      1.1708E+00      1.0062E+00      7.8141E+01      1.0045E+02      1.0000E+00
      1.0745E+00      1.1319E+00      1.0233E+00      1.1964E+00      9.9124E-01      8.3189E+01      9.7931E+01      1.0000E+00
      1.0745E+00      1.1319E+00      1.0234E+00      1.1965E+00      9.9123E-01      8.3185E+01      9.7936E+01      1.0000E+00
      1.1005E+00      1.1208E+00      1.0283E+00      1.1708E+00      1.0062E+00      7.8143E+01      1.0045E+02      1.0000E+00
      9.9423E-01      1.0115E+00      1.0020E+00      1.0311E+00      9.8052E-01      8.7037E+01      9.3223E+01      1.0000E+00
      1.0056E+00      1.0020E+00      1.0006E+00      1.0030E+00      1.0031E+00      8.8014E+01      9.1843E+01      1.0000E+00
      1.0090E+00      1.0062E+00      1.0003E+00      1.0089E+00      1.0057E+00      8.8776E+01      9.1217E+01      1.0000E+00
      1.0073E+00      1.0051E+00      1.0001E+00      1.0079E+00      1.0042E+00      8.9318E+01      9.0634E+01      1.0000E+00
      1.0035E+00      1.0024E+00      1.0000E+00      1.0039E+00      1.0021E+00      8.9724E+01      9.0246E+01      1.0000E+00
      1.0014E+00      1.0011E+00      1.0000E+00      1.0018E+00      1.0008E+00      8.9907E+01      9.0078E+01      1.0000E+00
      1.0007E+00      1.0005E+00      1.0000E+00      1.0008E+00      1.0003E+00      8.9945E+01      9.0042E+01      1.0000E+00
      1.0017E+00      1.0010E+00      1.0000E+00      1.0016E+00      1.0009E+00      8.9845E+01      9.0128E+01      1.0000E+00
      1.0035E+00      1.0017E+00      1.0000E+00      1.0027E+00      1.0019E+00      8.9636E+01      9.0306E+01      1.0000E+00
      1.0057E+00      1.0013E+00      1.0001E+00      1.0025E+00      1.0033E+00      8.9290E+01      9.0572E+01      1.0000E+00
      1.0087E+00      1.0063E+00      1.0003E+00      1.0091E+00      1.0055E+00      8.8806E+01      9.1193E+01      1.0000E+00
      1.0212E+00      1.0215E+00      1.0013E+00      1.0316E+00      1.0101E+00      8.7731E+01      9.2314E+01      1.0000E+00
      1.0407E+00      1.0333E+00      1.0022E+00      1.0554E+00      1.0297E+00      8.7775E+01      9.2248E+01      1.0000E+00
      1.0491E+00      1.0341E+00      1.0023E+00      1.0686E+00      1.0438E+00      8.9433E+01      9.0857E+01      1.0000E+00
      1.0491E+00      1.0341E+00      1.0023E+00      1.0686E+00      1.0438E+00      8.9435E+01      9.0855E+01      1.0000E+00
      1.0407E+00      1.0333E+00      1.0022E+00      1.0554E+00      1.0296E+00      8.7776E+01      9.2248E+01      1.0000E+00
      1.0212E+00      1.0215E+00      1.0013E+00      1.0316E+00      1.0100E+00      8.7731E+01      9.2314E+01      1.0000E+00
      1.0087E+00      1.0063E+00      1.0003E+00      1.0091E+00      1.0055E+00      8.8806E+01      9.1193E+01      1.0000E+00
      1.0057E+00      1.0013E+00      1.0001E+00      1.0025E+00      1.0033E+00      8.9290E+01      9.0572E+01      1.0000E+00
      1.0035E+00      1.0017E+00      1.0000E+00      1.0027E+00      1.0019E+00      8.9636E+01      9.0306E+01      1.0000E+00
      1.0017E+00      1.0010E+00      1.0000E+00      1.0016E+00      1.0009E+00      8.9845E+01      9.0128E+01      1.0000E+00
      1.0007E+00      1.0005E+00      1.0000E+00      1.0008E+00      1.0003E+00      8.9945E+01      9.0042E+01      1.0000E+00
      1.0003E+00      1.0002E+00      1.0000E+00      1.0003E+00      1.0001E+00      8.9975E+01      9.0018E+01      1.0000E+00
      1.0007E+00      1.0003E+00      1.0000E+00      1.0005E+00      1.0003E+00      8.9929E+01      9.0053E+01      1.0000E+00
      1.0017E+00      1.0005E+00      1.0000E+00      1.0009E+00      1.0009E+00      8.9826E+01      9.0125E+01      1.0000E+00
      1.0036E+00      1.0018E+00      1.0000E+00      1.0030E+00      1.0019E+00      8.9638E+01      9.0303E+01      1.0000E+00
      1.0072E+00      1.0052E+00      1.0001E+00      1.0082E+00      1.0042E+00      8.9341E+01      9.0616E+01      1.0000E+00
      1.0135E+00      1.0108E+00      1.0003E+00      1.0173E+00      1.0090E+00      8.9069E+01      9.0922E+01      1.0000E+00
      1.0205E+00      1.0156E+00      1.0005E+00      1.0275E+00      1.0158E+00      8.9171E+01      9.0888E+01      1.0000E+00
      1.0247E+00      1.0168E+00      1.0005E+00      1.0333E+00      1.0217E+00      8.9727E+01      9.0415E+01      1.0000E+00
      1.0247E+00      1.0168E+00      1.0005E+00      1.0333E+00      1.0217E+00      8.9727E+01      9.0414E+01      1.0000E+00
      1.0205E+00      1.0156E+00      1.0005E+00      1.0275E+00      1.0158E+00      8.9172E+01      9.0888E+01      1.0000E+00
      1.0135E+00      1.0108E+00      1.0003E+00      1.0173E+00      1.0090E+00      8.9069E+01      9.0921E+01      1.0000E+00
      1.0072E+00      1.0052E+00      1.0001E+00      1.0082E+00      1.0042E+00      8.9341E+01      9.0616E+01      1.0000E+00
      1.0036E+00      1.0018E+00      1.0000E+00      1.0030E+00      1.0019E+00      8.9638E+01      9.0303E+01      1.0000E+00
      1.0017E+00      1.0005E+00      1.0000E+00      1.0009E+00      1.0009E+00      8.9826E+01      9.0125E+01      1.0000E+00
      1.0007E+00      1.0003E+00      1.0000E+00      1.0005E+00      1.0003E+00      8.9929E+01      9.0053E+01      1.0000E+00
      1.0003E+00      1.0002E+00      1.0000E+00      1.0003E+00      1.0001E+00      8.9975E+01      9.0018E+01      1.0000E+00
      1.0001E+00      1.0001E+00      1.0000E+00      1.0001E+00      1.0000E+00      8.9990E+01      9.0006E+01      1.0000E+00
      1.0003E+00      1.0002E+00      1.0000E+00      1.0003E+00      1.0001E+00      8.9970E+01      9.0018E+01      1.0000E+00
      1.0008E+00      1.0005E+00      1.0000E+00      1.0009E+00      1.0003E+00      8.9924E+01      9.0053E+01      1.0000E+00
      1.0020E+00      1.0014E+00      1.0000E+00      1.0024E+00      1.0009E+00      8.9839E+01      9.0127E+01      1.0000E+00
      1.0042E+00      1.0032E+00      1.0000E+00      1.0053E+00      1.0024E+00      8.9723E+01      9.0242E+01      1.0000E+00
      1.0075E+00      1.0056E+00      1.0001E+00      1.0094E+00      1.0053E+00      8.9648E+01      9.0341E+01      1.0000E+00
      1.0109E+00      1.0076E+00      1.0001E+00      1.0137E+00      1.0087E+00      8.9707E+01      9.0331E+01      1.0000E+00
      1.0130E+00      1.0080E+00      1.0001E+00      1.0160E+00      1.0115E+00      8.9915E+01      9.0168E+01      1.0000E+00
      1.0130E+00      1.0080E+00      1.0001E+00      1.0160E+00      1.0115E+00      8.9916E+01      9.0168E+01      1.0000E+00
      1.0109E+00      1.0076E+00      1.0001E+00      1.0137E+00      1.0087E+00      8.9707E+01      9.0331E+01      1.0000E+00
      1.0075E+00      1.0056E+00      1.0001E+00      1.0094E+00      1.0053E+00      8.9648E+01      9.0341E+01      1.0000E+00
      1.0042E+00      1.0032E+00      1.0000E+00      1.0053E+00      1.0024E+00      8.9723E+01      9.0242E+01      1.0000E+00
      1.0020E+00      1.0014E+00      1.0000E+00      1.0024E+00      1.0009E+00      8.9839E+01      9.0127E+01      1.0000E+00
      1.0008E+00      1.0005E+00      1.0000E+00      1.0009E+00      1.0003E+00      8.9924E+01      9.0053E+01      1.0000E+00
      1.0003E+00      1.0002E+00      1.0000E+00      1.0003E+00      1.0001E+00      8.9970E+01      9.0018E+01      1.0000E+00
      1.0001E+00      1.0001E+00      1.0000E+00      1.0001E+00      1.0000E+00      8.9990E+01      9.0006E+01      1.0000E+00
      9.4515E-01      1.0530E+00      1.0129E+00      1.1329E+00      8.8391E-01      8.2792E+01      9.7483E+01      1.0000E+00
      9.4498E-01      1.0531E+00      1.0129E+00      1.1331E+00      8.8358E-01      8.2778E+01      9.7505E+01      1.0000E+00
      5.5769E-01      1.3512E+00      1.1216E+00      1.5873E+00      3.7647E-01      7.0658E+01      1.1051E+02      1.0000E+00
      6.2537E-01      1.4163E+00      1.3193E+00      1.6529E+00      4.1783E-01      5.8237E+01      1.2858E+02      1.0000E+00
      8.4030E-01      1.1739E+00      1.0587E+00      1.4061E+00      6.2939E-01      7.7177E+01      1.0598E+02      1.0000E+00
      4.8005E-01      1.2611E+00      1.0727E+00      1.4407E+00      3.5216E-01      7.4018E+01      1.0592E+02      1.0000E+00
      5.6535E-01      1.4548E+00      1.3121E+00      1.6962E+00      3.9470E-01      5.5892E+01      1.2749E+02      1.0000E+00
      7.8774E-01      1.1902E+00      1.1176E+00      1.4919E+00      5.2578E-01      7.6644E+01      1.1472E+02      1.0000E+00
      6.3076E-01      1.2847E+00      1.2489E+00      1.9045E+00      4.2756E-01      6.6606E+01      1.1163E+02      1.0000E+00
      3.9379E-01      1.5221E+00      1.2219E+00      1.8628E+00      2.4723E-01      5.8073E+01      1.1341E+02      1.0000E+00
      3.3942E-01      1.2864E+00      1.1393E+00      1.4839E+00      2.5616E-01      6.1909E+01      1.1072E+02      1.0000E+00
      3.4001E-01      1.2847E+00      1.1374E+00      1.4782E+00      2.5715E-01      6.2104E+01      1.1053E+02      1.0000E+00
      3.9710E-01      1.5348E+00      1.2310E+00      1.8757E+00      2.4826E-01      5.7524E+01      1.1403E+02      1.0000E+00
      6.4680E-01      1.2450E+00      1.2559E+00      1.8715E+00      4.4829E-01      6.8776E+01      1.1166E+02      1.0000E+00
      6.4680E-01      1.2451E+00      1.2560E+00      1.8715E+00      4.4827E-01      6.8769E+01      1.1167E+02      1.0000E+00
      3.9711E-01      1.5348E+00      1.2310E+00      1.8758E+00      2.4825E-01      5.7529E+01      1.1402E+02      1.0000E+00
      3.4001E-01      1.2847E+00      1.1375E+00      1.4782E+00      2.5716E-01      6.2098E+01      1.1054E+02      1.0000E+00
      3.3944E-01      1.2863E+00      1.1392E+00      1.4839E+00      2.5617E-01      6.1916E+01      1.1071E+02      1.0000E+00
      3.9381E-01      1.5219E+00      1.2219E+00      1.8628E+00      2.4726E-01      5.8074E+01      1.1341E+02      1.0000E+00
      6.3079E-01      1.2848E+00      1.2488E+00      1.9045E+00      4.2756E-01      6.6605E+01      1.1163E+02      1.0000E+00
      7.8828E-01      1.1898E+00      1.1173E+00      1.4897E+00      5.2656E-01      7.6691E+01      1.1471E+02      1.0000E+00
      5.6495E-01      1.4556E+00      1.3125E+00      1.6962E+00      3.9458E-01      5.5844E+01      1.2751E+02      1.0000E+00
      4.7965E-01      1.2616E+00      1.0729E+00      1.4413E+00      3.5201E-01      7.4034E+01      1.0591E+02      1.0000E+00
      8.3980E-01      1.1743E+00      1.0590E+00      1.4073E+00      6.2883E-01      7.7138E+01      1.0597E+02      1.0000E+00
      6.2530E-01      1.4161E+00      1.3180E+00      1.6532E+00      4.1808E-01      5.8266E+01      1.2852E+02      1.0000E+00
      5.5834E-01      1.3505E+00      1.1214E+00      1.5867E+00      3.7643E-01      7.0642E+01      1.1057E+02      1.0000E+00
