 Number of boundary curves =            1
 IceCreamCone,          24
   0.0000000000000000       -2.0000000000000000        1.0000000000000000        5.2054247880112106E-002  -1.6876745127193273       0.37534902543865467        8.3245869678399911E-017   9.0484937707141767E-010
   5.2054247880112106E-002  -1.6876745127193273       0.37534902543865467       0.10494978846359948       -1.3703012692184031      -0.25939746156319377        5.2739328461406305E-017   9.0931633232788612E-010
  0.10494978846359948       -1.3703012692184031      -0.25939746156319377       0.15951097984595164       -1.0429341209242902      -0.91413175815141967        4.8839089770238135E-017   9.0931403276587835E-010
  0.15951097984595164       -1.0429341209242902      -0.91413175815141967       0.21600702045487030      -0.70395787727077819       -1.5920842454584436        8.5662162268604800E-017   3.1297428788518707E-010
  0.21600702045487030      -0.70395787727077819       -1.5920842454584436       0.27418406691681962      -0.35489559849908225       -2.2902088030018355        9.8535345975791155E-017   1.3964894478632958E-014
  0.27418406691681962      -0.35489559849908225       -2.2902088030018355       0.33333333333333331        0.0000000000000000       -3.0000000000000000        1.4625024430053556E-016   2.3487867256013758E-014
  0.33333333333333331        0.0000000000000000       -3.0000000000000000       0.39237476294398083       0.35424857766388484       -2.2915028446722303        5.9658943989864915E-017   1.8055310715122846E-009
  0.39237476294398083       0.35424857766388484       -2.2915028446722303       0.45057901803953410       0.70347410823720447       -1.5930517835255911        1.2581798015139990E-016   1.0878057527018937E-009
  0.45057901803953410       0.70347410823720447       -1.5930517835255911       0.50712534976056278        1.0427520985633767      -0.91449580287324661        1.7123499305360184E-016   1.1847492802016769E-014
  0.50712534976056278        1.0427520985633767      -0.91449580287324661       0.56174505577377465        1.3704703346426479      -0.25905933071470422        9.2806135375374954E-017   1.3237073385665429E-014
  0.56174505577377465        1.3704703346426479      -0.25905933071470422       0.61469023706997217        1.6881414224198332       0.37628284483966645        1.3442694470624376E-016   1.3179633863961508E-014
  0.61469023706997217        1.6881414224198332       0.37628284483966645       0.66666666666666663        2.0000000000000000        1.0000000000000000        4.9231819092856865E-017   2.3002265952457160E-014
  0.66666666666666663        2.0000000000000000        1.0000000000000000       0.69444044359867285        1.9318711698272135        1.5175652453463560        8.9965298828735548E-009   4.0982362305412019E-006
  0.69444044359867285        1.9318711698272135        1.5175652453463560       0.72221575079734879        1.7321117960897541        1.9998943573431778        8.9990079591905127E-009   4.0987481117693464E-006
  0.72221575079734879        1.7321117960897541        1.9998943573431778       0.74999331571639771        1.4143026520354292        2.4141244670981234        9.0026650160769339E-009   4.1000690678023804E-006
  0.74999331571639771        1.4143026520354292        2.4141244670981234       0.77777211401939284        1.0000924548674814        2.7319974254360586        9.0046632432858242E-009   4.1010920411761471E-006
  0.77777211401939284        1.0000924548674814        2.7319974254360586       0.80555072407655581       0.51772605772490787        2.9318280796055909        9.0043580841294505E-009   4.1009991675756981E-006
  0.80555072407655581       0.51772605772490787        2.9318280796055909       0.83332867733112592        8.7763573952615300E-005   2.9999999980743888        9.0032938415578392E-009   4.1002573167608492E-006
  0.83332867733112592        8.7763573952615300E-005   2.9999999980743888       0.86110668562087644      -0.51755751364648217        2.9318732412009001        9.0033832618340183E-009   4.1005368619695958E-006
  0.86110668562087644      -0.51755751364648217        2.9318732412009001       0.88888562500978274      -0.99994671933024937        2.7320815680852535        9.0048918208321455E-009   4.1009053316973690E-006
  0.88888562500978274      -0.99994671933024937        2.7320815680852535       0.91666540342637837       -1.4141967249866927        2.4142303995590364        9.0062512409536298E-009   4.1015238506284683E-006
  0.91666540342637837       -1.4141967249866927        2.4142303995590364       0.94444490560837890       -1.7320551539202036        1.9999924718608937        9.0058038406842664E-009   4.1011088592108117E-006
  0.94444490560837890       -1.7320551539202036        1.9999924718608937       0.97222307207596836       -1.9318557986331044        1.5176226166693747        9.0036395353718014E-009   4.0995831683794119E-006
  0.97222307207596836       -1.9318557986331044        1.5176226166693747        1.0000000000000000       -2.0000000000000000        1.0000000000000002        9.0016328635033130E-009   4.1007028324066246E-006
