 Number of boundary curves =            2
 Outer Boundary,          56
   0.0000000000000000        0.0000000000000000        8.0000000000000000        1.8725079937186938E-002  0.93905523174358763        7.9446947878275980        4.0445732005685985E-010   2.7327193788211959E-007
   1.8725079937186938E-002  0.93905523174358763        7.9446947878275980        3.7289913663533972E-002   1.8572929718770008        7.7814177896201091        3.8744522786384866E-010   2.6406386753557395E-007
   3.7289913663533972E-002   1.8572929718770008        7.7814177896201091        5.5531119012043620E-002   2.7350068761464343        7.5179609860275098        3.5483357380617004E-010   2.4613356880361109E-007
   5.5531119012043620E-002   2.7350068761464343        7.5179609860275098        7.3377131374192384E-002   3.5590532347673145        7.1647149330655377        3.1802807811032426E-010   2.2541157088425047E-007
   7.3377131374192384E-002   3.5590532347673145        7.1647149330655377        9.0838402888471032E-002   4.3221369984648819        6.7319485861450978        2.8519451121211382E-010   2.0660617617862431E-007
   9.0838402888471032E-002   4.3221369984648819        6.7319485861450978       0.10799876860402635        5.0214827059178662        6.2277372643816458        2.6145474458878366E-010   1.9281761105711063E-007
  0.10799876860402635        5.0214827059178662        6.2277372643816458       0.12499469724025712        5.6566657700262732        5.6570427226787912        2.4916624465935798E-010   1.8505834767501006E-007
  0.12499469724025712        5.6566657700262732        5.6570427226787912       0.14198956273545432        6.2273690908286659        5.0219392874258997        2.4908819100144489E-010   1.8553443222080061E-007
  0.14198956273545432        6.2273690908286659        5.0219392874258997       0.15914694000290783        6.7315505176113311        4.3227569476951420        2.6122696757381167E-010   1.9302638789050839E-007
  0.15914694000290783        6.7315505176113311        4.3227569476951420       0.17660395402833784        7.1642919106285978        3.5599046924463629        2.8484732550563662E-010   2.0640617548380148E-007
  0.17660395402833784        7.1642919106285978        3.5599046924463629       0.19444563714141050        7.5175614706928409        2.7361048105572436        3.1764261312955528E-010   2.2510254792811306E-007
  0.19444563714141050        7.5175614706928409        2.7361048105572436       0.21268411638965706        7.7811146241268991        1.8585626721201809        3.5456860439101582E-010   2.4576054900545074E-007
  0.21268411638965706        7.7811146241268991        1.8585626721201809       0.23124960343877160        7.9445453127016705       0.94031897483243465        3.8751324859854857E-010   2.6361031787583302E-007
  0.23124960343877160        7.9445453127016705       0.94031897483243465       0.24999995958085047        7.9999999999997424        2.0316880556161609E-006   4.0719402804046711E-010   2.7474359721977292E-007
  0.24999995958085047        7.9999999999997424        2.0316880556161609E-006  0.26875028728675593        7.9445459583150573      -0.94031352017286951        4.0719171333921727E-010   2.7419758850588645E-007
  0.26875028728675593        7.9445459583150573      -0.94031352017286951       0.28731567412272274        7.7811170704524155       -1.8585524302300493        3.8750295875735180E-010   2.6410527290523126E-007
  0.28731567412272274        7.7811170704524155       -1.8585524302300493       0.30555393247029994        7.5175688696656406       -2.7360844814870147        3.5454713068750705E-010   2.4616304804236215E-007
  0.30555393247029994        7.5175688696656406       -2.7360844814870147       0.32339517961931225        7.1643112886940408       -3.5598656939119389        3.1760344833723103E-010   2.2514727979933880E-007
  0.32339517961931225        7.1643112886940408       -3.5598656939119389       0.34085138870604093        6.7315959106465240       -4.3226862592336026        2.8478125409599647E-010   2.0642214247598279E-007
  0.34085138870604093        6.7315959106465240       -4.3226862592336026       0.35800737334465832        6.2274657679138921       -5.0218194023143283        2.6112084015834459E-010   1.9233900171645841E-007
  0.35800737334465832        6.2274657679138921       -5.0218194023143283       0.37499999960344094        5.6568542635873014       -5.6568542353974589        2.4892434346944820E-010   1.8432999775473118E-007
  0.37499999960344094        5.6568542635873014       -5.6568542353974589       0.39199262565557391        5.0218194414335677       -6.2274657363681944        2.4892369985404108E-010   1.8513554069450637E-007
  0.39199262565557391        5.0218194414335677       -6.2274657363681944       0.40914860960985178        4.3226863304643777       -6.7315958649057661        2.6112055610614052E-010   1.9283271874376756E-007
  0.40914860960985178        4.3226863304643777       -6.7315958649057661       0.42660481729117539        3.5598658329854005       -7.1643112195900001        2.8478144084538611E-010   2.0707968770520893E-007
  0.42660481729117539        3.5598658329854005       -7.1643112195900001       0.44444606170305079        2.7360847567045856       -7.5175687694978093        3.1760349304781387E-010   2.2520886153829493E-007
  0.44444606170305079        2.7360847567045856       -7.5175687694978093       0.46268431454588621        1.8585529842240269       -7.7811169381286103        3.5454673151014884E-010   2.4652947697533216E-007
  0.46268431454588621        1.8585529842240269       -7.7811169381286103       0.48124968984094918       0.94031466189044699       -7.9445458231817039        3.8750208152342419E-010   2.6316590476534235E-007
  0.48124968984094918       0.94031466189044699       -7.9445458231817039       0.49999999279768514        3.6202783091626824E-007  -7.9999999999999920        4.0718852561864839E-010   2.7460063530007414E-007
  0.49999999279768514        3.6202783091626824E-007  -7.9999999999999920       0.51875029593593058      -0.94031395191418710       -7.9445459072143025        4.0718849840046726E-010   2.7520760393870534E-007
  0.51875029593593058      -0.94031395191418710       -7.9445459072143025       0.53731567177974704       -1.8585523156814980       -7.7811170978128157        3.8750184466776317E-010   2.6354098563044749E-007
  0.53731567177974704       -1.8585523156814980       -7.7811170978128157       0.55555392555469940       -2.7360841548336108       -7.5175689885539754        3.5454667368041682E-010   2.4545453373035442E-007
  0.55555392555469940       -2.7360841548336108       -7.5175689885539754       0.57339517131343898       -3.5598653200255828       -7.1643114744739540        3.1760367703422102E-010   2.2535708024104890E-007
  0.57339517131343898       -3.5598653200255828       -7.1643114744739540       0.59085138079178778       -4.3226859244934168       -6.7315961255995216        2.8478137115509980E-010   2.0662239722589399E-007
  0.59085138079178778       -4.3226859244934168       -6.7315961255995216       0.60800736699820512       -5.0218191539882682       -6.2274659681636608        2.6112135368593252E-010   1.9284074469994705E-007
  0.60800736699820512       -5.0218191539882682       -6.2274659681636608       0.62499999568052833       -5.6568540959651212       -5.6568544030196346        2.4892438383881171E-010   1.8508936496068115E-007
  0.62499999568052833       -5.6568540959651212       -5.6568544030196346       0.64199262473706908       -6.2274657073865880       -5.0218194773731222        2.4892434992846826E-010   1.8549702510099856E-007
  0.64199262473706908       -6.2274657073865880       -5.0218194773731222       0.65914861195699437       -6.7315959286547189       -4.3226862311899552        2.6112148998041272E-010   1.9168626218468056E-007
  0.65914861195699437       -6.7315959286547189       -4.3226862311899552       0.67660482280255829       -7.1643113428647327       -3.5598655848921785        2.8478159894168177E-010   2.0606765361595990E-007
  0.67660482280255829       -7.1643113428647327       -3.5598655848921785       0.69444606992628777       -7.5175689108661592       -2.7360843682859239        3.1760385960205530E-010   2.2524336757627591E-007
  0.69444606992628777       -7.5175689108661592       -2.7360843682859239       0.71268432476260757       -7.7811170574357158       -1.8585524847264729        3.5454669336851295E-010   2.4562933379124103E-007
  0.71268432476260757       -7.7811170574357158       -1.8585524847264729       0.73124970121551525       -7.9445458903845676      -0.94031409410562250        3.8750206653549739E-010   2.6496935590218507E-007
  0.73124970121551525       -7.9445458903845676      -0.94031409410562250       0.75000000455754634       -7.9999999999999964        2.2908726146777907E-007   4.0718852226086529E-010   2.7565811710936537E-007
  0.75000000455754634       -7.9999999999999964        2.2908726146777907E-007  0.76875030753307694       -7.9445458386964063       0.94031453080956595        4.0718856689385450E-010   2.7260956421670995E-007
  0.76875030753307694       -7.9445458386964063       0.94031453080956595       0.78731568297490850       -7.7811169670798588        1.8585528630151840        3.8750220379463743E-010   2.6217970367921589E-007
  0.78731568297490850       -7.7811169670798588        1.8585528630151840       0.80555393638302375       -7.5175688024007288        2.7360846663016982        3.5454677630522590E-010   2.4571299035540591E-007
  0.80555393638302375       -7.5175688024007288        2.7360846663016982       0.82339518193650707       -7.1643112368646573        3.5598657982197595        3.1760343323490045E-010   2.2276923796648663E-007
  0.82339518193650707       -7.1643112368646573        3.5598657982197595       0.84085139129702102       -6.7315958402748866        4.3226863688213424        2.8478116386838290E-010   2.0634163822493798E-007
  0.84085139129702102       -6.7315958402748866        4.3226863688213424       0.85800737723892406       -6.2274656450380350        5.0218195546904116        2.6112067403726913E-010   1.9495773733957706E-007
  0.85800737723892406       -6.2274656450380350        5.0218195546904116       0.87500000523352761       -5.6568540634767723        5.6568544355079817        2.4892432069010264E-010   1.8552081471828881E-007
  0.87500000523352761       -5.6568540634767723        5.6568544355079817       0.89199263299515152       -5.0218191542482122        6.2274659679540418        2.4892441747637266E-010   1.8653433921431139E-007
  0.89199263299515152       -5.0218191542482122        6.2274659679540418       0.90914861830667948       -4.3226859626245311        6.7315961011136753        2.6112122872185688E-010   1.9272649351653921E-007
  0.90914861830667948       -4.3226859626245311        6.7315961011136753       0.92660482680261036       -3.5598654048310534        7.1643114323350741        2.8478114537697966E-010   2.0437055299205990E-007
  0.92660482680261036       -3.5598654048310534        7.1643114323350741       0.94444607141589576       -2.7360842979253661        7.5175689364744942        3.1760362307683551E-010   2.2569000511627443E-007
  0.94444607141589576       -2.7360842979253661        7.5175689364744942       0.96268432387029146       -1.8585525283519917        7.7811170470155773        3.5454679787229242E-010   2.4682299413817219E-007
  0.96268432387029146       -1.8585525283519917        7.7811170470155773       0.98124969828056974      -0.94031424060945401        7.9445458730444161        3.8750242815692189E-010   2.6583888864904862E-007
  0.98124969828056974      -0.94031424060945401        7.9445458730444161        1.0000000000000000       -1.9594348786357651E-015   8.0000000000000000        4.0718831708261032E-010   2.7567178914820235E-007
 IceCreamCone,          24
   0.0000000000000000       -2.0000000000000000        1.0000000000000000        5.2054247880112106E-002  -1.6876745127193273       0.37534902543865467        8.3245869678399911E-017   9.0484937707141767E-010
   5.2054247880112106E-002  -1.6876745127193273       0.37534902543865467       0.10494978846359948       -1.3703012692184031      -0.25939746156319377        5.2739328461406305E-017   9.0931633232788612E-010
  0.10494978846359948       -1.3703012692184031      -0.25939746156319377       0.15951097984595164       -1.0429341209242902      -0.91413175815141967        4.8839089770238135E-017   9.0931403276587835E-010
  0.15951097984595164       -1.0429341209242902      -0.91413175815141967       0.21600702045487030      -0.70395787727077819       -1.5920842454584436        8.5662162268604800E-017   3.1297428788518707E-010
  0.21600702045487030      -0.70395787727077819       -1.5920842454584436       0.27418406691681962      -0.35489559849908225       -2.2902088030018355        9.8535345975791155E-017   1.3964894478632958E-014
  0.27418406691681962      -0.35489559849908225       -2.2902088030018355       0.33333333333333331        0.0000000000000000       -3.0000000000000000        1.4625024430053556E-016   2.3487867256013758E-014
  0.33333333333333331        0.0000000000000000       -3.0000000000000000       0.39237476294398083       0.35424857766388484       -2.2915028446722303        5.9658943989864915E-017   1.8055310715122846E-009
  0.39237476294398083       0.35424857766388484       -2.2915028446722303       0.45057901803953410       0.70347410823720447       -1.5930517835255911        1.2581798015139990E-016   1.0878057527018937E-009
  0.45057901803953410       0.70347410823720447       -1.5930517835255911       0.50712534976056278        1.0427520985633767      -0.91449580287324661        1.7123499305360184E-016   1.1847492802016769E-014
  0.50712534976056278        1.0427520985633767      -0.91449580287324661       0.56174505577377465        1.3704703346426479      -0.25905933071470422        9.2806135375374954E-017   1.3237073385665429E-014
  0.56174505577377465        1.3704703346426479      -0.25905933071470422       0.61469023706997217        1.6881414224198332       0.37628284483966645        1.3442694470624376E-016   1.3179633863961508E-014
  0.61469023706997217        1.6881414224198332       0.37628284483966645       0.66666666666666663        2.0000000000000000        1.0000000000000000        4.9231819092856865E-017   2.3002265952457160E-014
  0.66666666666666663        2.0000000000000000        1.0000000000000000       0.69444044359867285        1.9318711698272135        1.5175652453463560        8.9965298828735548E-009   4.0982362305412019E-006
  0.69444044359867285        1.9318711698272135        1.5175652453463560       0.72221575079734879        1.7321117960897541        1.9998943573431778        8.9990079591905127E-009   4.0987481117693464E-006
  0.72221575079734879        1.7321117960897541        1.9998943573431778       0.74999331571639771        1.4143026520354292        2.4141244670981234        9.0026650160769339E-009   4.1000690678023804E-006
  0.74999331571639771        1.4143026520354292        2.4141244670981234       0.77777211401939284        1.0000924548674814        2.7319974254360586        9.0046632432858242E-009   4.1010920411761471E-006
  0.77777211401939284        1.0000924548674814        2.7319974254360586       0.80555072407655581       0.51772605772490787        2.9318280796055909        9.0043580841294505E-009   4.1009991675756981E-006
  0.80555072407655581       0.51772605772490787        2.9318280796055909       0.83332867733112592        8.7763573952615300E-005   2.9999999980743888        9.0032938415578392E-009   4.1002573167608492E-006
  0.83332867733112592        8.7763573952615300E-005   2.9999999980743888       0.86110668562087644      -0.51755751364648217        2.9318732412009001        9.0033832618340183E-009   4.1005368619695958E-006
  0.86110668562087644      -0.51755751364648217        2.9318732412009001       0.88888562500978274      -0.99994671933024937        2.7320815680852535        9.0048918208321455E-009   4.1009053316973690E-006
  0.88888562500978274      -0.99994671933024937        2.7320815680852535       0.91666540342637837       -1.4141967249866927        2.4142303995590364        9.0062512409536298E-009   4.1015238506284683E-006
  0.91666540342637837       -1.4141967249866927        2.4142303995590364       0.94444490560837890       -1.7320551539202036        1.9999924718608937        9.0058038406842664E-009   4.1011088592108117E-006
  0.94444490560837890       -1.7320551539202036        1.9999924718608937       0.97222307207596836       -1.9318557986331044        1.5176226166693747        9.0036395353718014E-009   4.0995831683794119E-006
  0.97222307207596836       -1.9318557986331044        1.5176226166693747        1.0000000000000000       -2.0000000000000000        1.0000000000000002        9.0016328635033130E-009   4.1007028324066246E-006
